00000000
00000000
00110010
00000011
00000000
10000000
00110010
10000011
00000001
00000000
00110011
00000011
00000000
01000010
10001010
01100011
00000000
01010010
00000010
10110011    
00000000
01010011
00000110
01100011
00000000
00000000
00000000
00110011
01000000
00000000
00000000
00110011
01000000
01000011
00000011
10110011
00000000
01000011
11110100
00110011
00000000
00000010
01100100
10110011
00000000
10010000
00001100
00100011
00000001
10000000
00000101
00000011
01000000
00000000
00000000
00110011